2E F1 B1 FF 39 53 14 00 03 00 02 48 51 85 02 02 50 04 60 40 04 D0 30 28 60 04 06 07 01 43 A6 90 00 70 01 28 41 00 00 12 36 80 08 00 08 01 00 1C 00 20 44 00 03 44 41 01 40 45 00 0C 10 03 00 00 12 00 43 03 C4 14 02 0B 04 04 C0 20 00 30 42 6E A1 21 50 44 22 00 01 00 16 08 00 00 00 00 00 00 00 01 02 00 48 01 00 51 50 61 00 00 20 4A 44 01 91 00 50 00 40 00 04 60 04 20 40 00 00 50 00 00 00 00 00 60 40 30 40 10 00 00 08 00 00 00 00 00 40 00 00 14 00 00 00 00 00 40 00 00 00 00 00 40 00 04 00 00 00 00 00 10 00 00 00 00 00 00 00 90 40 00 14 0E 00 00 04 00 50 22 00 30 40 00 80 00 08 40 00 08 00 30 00 40 08 00 00 00 00 00 08 18 00 00 01 00 00 10 00 58 00 00 00 00 00 00 00 00 00 00 00 00 00 00 00 00 00 00 00 00 00 00 00 00 00 00 00 00 00 00 00 00 00 00 00 00 00 00 00 00 00 00 00 00 00 00 00 00 00 00 00 00 00 00 00 00 00 00 00 00 00 00 00 00 00 00 00 00 00 00 00 00 00 00 00 00 00 00 00 00 00 00 00 00 00 00 00 00 00 00 00 00 00 00 00 00 00 00 00 00 00 00 00 00 00 00 00 00 00 00 00 00 00 00 00 00 00 00 00 00 00 00 00 00 00 00 00 00 00 00 00 00 00 00 00 00 00 00 00 00 00 00 00 00 00 00 00 00 00 00 00 00 00 00 00 00 00 00 00 00 00 00 00 00 00 00 00 00 00 00 00 00 00 00 00 00 00 00 00 00 00 00 00 00 00 00 00 00 00 00 00 00 00 00 00 00 00 00 00 00 00 00 00 00 00 00 00 00 00 00 00 00 00 00 00 00 00 00 00 00 00 00 00 00 00 00 00 00 00 00 00 00 00 00 00 00 00 00 00 00 00 00 00 00 00 00 00 00 00 00 00 00 00 00 00 00 00 00 00 00 00 00 00 00 00 00 00 00 00 00 00 00 00 00 00 00 00 00 00 00 00 00 00 00 00 00 00










